      11
    5.00000E+10    4.95874E+01    3.21195E+02   -1.06970E+00   -4.10338E+01   -2.78226E+01   -5.70000E+01   -2.22600E+02    2.21000E+02
    3.00000E+09    5.89117E+01    2.17207E+02    1.48309E+01   -3.80876E+01   -4.41538E+01    1.90000E+01   -1.53130E+02    1.53000E+02
    3.16228E+10    2.07823E+01    3.00780E+02    1.94160E+01    2.69749E+00   -6.90231E+00    1.41900E+02    1.17000E+02    2.38000E+02    
    3.70000E+07    1.05577E+02    8.24986E+01   -2.48000E+01   -9.48000E+01   -3.93000E+01   -7.29000E+01    6.90000E+00    3.80000E+01
    2.63000E+08    9.29674E+01    2.35302E+02   -3.50000E+00    7.63000E+01    5.30000E+01    1.71000E+01    5.60000E+01   -2.27900E+02 
    1.42000E+08    1.44101E+02    1.77975E+02   -4.00000E+01   -4.92000E+01   -1.29400E+02   -2.45000E+01   -1.40700E+02    1.06200E+02
    1.11000E+08    2.60562E+02    1.95968E+02   -1.25000E+02   -1.20800E+02    1.94100E+02   -1.67700E+02   -3.70000E+01    9.44000E+01
    1.70000E+07    2.36068E+02    2.83958E+02   -7.73000E+01   -5.83000E+01    2.15300E+02    1.02200E+02    2.37000E+02    1.18400E+02
    1.08000E+08    8.48119E+01    2.47273E+02   -5.30000E+00   -9.60000E+00   -8.41000E+01   -1.94000E+01    2.24600E+02   -1.01600E+02
    2.50000E+07    9.90864E+01    2.42089E+02   -4.00000E+01   -6.36000E+01    6.46000E+01   -1.81100E+02    1.13600E+02    1.13600E+02
    3.90000E+07    7.79757E+01    1.58954E+02   -2.22000E+01    5.21000E+01    5.36000E+01   -1.07500E+02   -1.52000E+01   -1.16100E+02
